# transform file /beegfs/cbi/work/data/wlsubj001.bOVWwnxx/data/derivatives/freesurfer/sub-wlsubj001/mri/transforms/cc_up.lta
# created by cbi on Mon Apr  6 20:43:51 2020

type      = 0 # LINEAR_VOX_TO_VOX
nxforms   = 1
mean      = 159.0000 134.0000 141.0000
sigma     = 10000.0000
1 4 4
9.995860457420349e-01 1.285540405660868e-02 -2.573484741151333e-02 -2.897160530090332e+01 
-1.285114511847496e-02 9.999172687530518e-01 3.308592131361365e-04 1.802170372009277e+01 
2.573697455227375e-02 5.820765397457350e-11 9.996687173843384e-01 -7.140671461820602e-02 
0.000000000000000e+00 0.000000000000000e+00 0.000000000000000e+00 1.000000000000000e+00 
src volume info
valid = 1  # volume info valid
filename = /beegfs/cbi/work/data/wlsubj001.bOVWwnxx/data/derivatives/freesurfer/sub-wlsubj001/mri/norm.mgz
volume = 320 320 320
voxelsize = 8.000000119209290e-01 8.000000119209290e-01 8.000000119209290e-01
xras   = -9.999999403953552e-01 -1.164153218269348e-09 -6.984919309616089e-09
yras   = -2.328306436538696e-09 0.000000000000000e+00 -9.999997615814209e-01
zras   = 1.455191522836685e-09 9.999998807907104e-01 0.000000000000000e+00
cras   = -1.801452636718750e-01 1.419047546386719e+01 -1.928230285644531e+01
dst volume info
valid = 1  # volume info valid
filename = /beegfs/cbi/work/data/wlsubj001.bOVWwnxx/data/derivatives/freesurfer/sub-wlsubj001/mri/norm.mgz
volume = 320 320 320
voxelsize = 8.000000119209290e-01 8.000000119209290e-01 8.000000119209290e-01
xras   = -9.999999403953552e-01 -1.164153218269348e-09 -6.984919309616089e-09
yras   = -2.328306436538696e-09 0.000000000000000e+00 -9.999997615814209e-01
zras   = 1.455191522836685e-09 9.999998807907104e-01 0.000000000000000e+00
cras   = -1.801452636718750e-01 1.419047546386719e+01 -1.928230285644531e+01
