# transform file transforms/talairach.lta
# created by cbi on Mon Apr  6 17:27:31 2020

type      = 0 # LINEAR_VOX_TO_VOX
nxforms   = 1
mean      = 160.0000 135.0000 141.0000
sigma     = 10000.0000
1 4 4
9.200129508972168e-01 -1.290678698569536e-02 -1.731637679040432e-02 -1.780402946472168e+01 
1.462376676499844e-02 9.411321282386780e-01 2.298594415187836e-01 -3.303005218505859e+01 
1.497280038893223e-02 -1.974559873342514e-01 8.267006874084473e-01 1.605319404602051e+01 
0.000000000000000e+00 0.000000000000000e+00 0.000000000000000e+00 1.000000000000000e+00 
src volume info
valid = 1  # volume info valid
filename = nu.mgz
volume = 320 320 320
voxelsize = 8.000000119209290e-01 8.000000119209290e-01 8.000000119209290e-01
xras   = -9.999999403953552e-01 -1.164153218269348e-09 -6.984919309616089e-09
yras   = -2.328306436538696e-09 0.000000000000000e+00 -9.999997615814209e-01
zras   = 1.455191522836685e-09 9.999998807907104e-01 0.000000000000000e+00
cras   = -1.801452636718750e-01 1.419047546386719e+01 -1.928230285644531e+01
dst volume info
valid = 1  # volume info valid
filename = /opt/freesurfer/average/RB_all_2016-05-10.vc700.gca
volume = 256 256 256
voxelsize = 1.000000000000000e+00 1.000000000000000e+00 1.000000000000000e+00
xras   = -1.000000000000000e+00 0.000000000000000e+00 0.000000000000000e+00
yras   = 0.000000000000000e+00 0.000000000000000e+00 -1.000000000000000e+00
zras   = 0.000000000000000e+00 1.000000000000000e+00 0.000000000000000e+00
cras   = 0.000000000000000e+00 0.000000000000000e+00 0.000000000000000e+00
