type      = 1 # LINEAR_RAS_TO_RAS
nxforms   = 1
mean      = 0.0000 0.0000 0.0000
sigma     = 1.0000
1 4 4
1.142024993896484e+00 2.748499996960163e-02 4.087999928742647e-03 4.488979876041412e-01 
-4.270299896597862e-02 1.040511965751648e+00 3.006959855556488e-01 -1.842539215087891e+01 
-1.980999950319529e-03 -2.960450053215027e-01 1.136767983436584e+00 -1.095443964004517e+00 
0.000000000000000e+00 0.000000000000000e+00 0.000000000000000e+00 1.000000000000000e+00 
src volume info
valid = 1  # volume info valid
filename = /beegfs/cbi/work/data/wlsubj001.bOVWwnxx/data/derivatives/freesurfer/sub-wlsubj001/mri/orig_nu.mgz
volume = 320 320 320
voxelsize = 8.000000119209290e-01 8.000000119209290e-01 8.000000119209290e-01
xras   = -9.999999403953552e-01 -1.164153218269348e-09 -6.984919309616089e-09
yras   = -2.328306436538696e-09 0.000000000000000e+00 -9.999997615814209e-01
zras   = 1.455191522836685e-09 9.999998807907104e-01 0.000000000000000e+00
cras   = -1.801452636718750e-01 1.419047546386719e+01 -1.928230285644531e+01
dst volume info
valid = 1  # volume info valid
filename = /opt/freesurfer/average/mni305.cor.mgz
volume = 256 256 256
voxelsize = 1.000000000000000e+00 1.000000000000000e+00 1.000000000000000e+00
xras   = -1.000000000000000e+00 0.000000000000000e+00 0.000000000000000e+00
yras   = 0.000000000000000e+00 0.000000000000000e+00 -1.000000000000000e+00
zras   = 0.000000000000000e+00 1.000000000000000e+00 0.000000000000000e+00
cras   = 0.000000000000000e+00 0.000000000000000e+00 0.000000000000000e+00
subject fsaverage
fscale 0.100000
